"run","tick","moneySpent"
1,1.0,0.0
1,2.0,0.0
1,3.0,0.0
1,4.0,0.0
1,5.0,0.0
1,6.0,0.08999999999999998
1,7.0,0.03699999999999997
1,8.0,0.1230000000000002
1,9.0,0.2900000000000002
1,10.0,0.54
1,11.0,0.9119999999999996
1,12.0,1.1839999999999997
1,13.0,1.5750000000000002
1,14.0,1.732
1,15.0,2.0560000000000014
1,16.0,2.294999999999998
1,17.0,2.473000000000001
1,18.0,2.5969999999999995
1,19.0,2.950999999999997
1,20.0,3.2179999999999955
1,21.0,3.4610000000000007
1,22.0,3.5049999999999955
1,23.0,3.6440000000000015
1,24.0,3.9470000000000005
1,25.0,4.164999999999997
1,26.0,4.213999999999995
1,27.0,4.290000000000004
1,28.0,4.341
1,29.0,4.410999999999996
1,30.0,4.630000000000002
1,31.0,4.634999999999997
1,32.0,4.895999999999997
1,33.0,4.859000000000005
1,34.0,4.835000000000004
1,35.0,4.723999999999994
1,36.0,5.145999999999997
1,37.0,4.754000000000002
1,38.0,4.852999999999996
1,39.0,4.8420000000000005
1,40.0,4.986999999999996
1,41.0,5.036000000000005
1,42.0,4.981000000000003
1,43.0,5.078000000000003
1,44.0,5.081000000000007
1,45.0,4.998999999999995
1,46.0,5.085999999999998
1,47.0,5.147999999999996
1,48.0,5.30899999999999
1,49.0,5.2739999999999965
1,50.0,5.349000000000002
1,51.0,5.033000000000001
1,52.0,5.273000000000004
1,53.0,5.245000000000002
1,54.0,5.452999999999997
1,55.0,5.274999999999996
1,56.0,5.2189999999999985
1,57.0,5.133999999999997
1,58.0,5.228000000000006
1,59.0,5.3660000000000005
1,60.0,5.2639999999999985
1,61.0,5.099000000000002
1,62.0,5.293000000000007
1,63.0,5.345999999999997
1,64.0,5.173000000000001
1,65.0,5.249000000000002
1,66.0,5.093000000000004
1,67.0,5.227000000000006
1,68.0,5.012000000000002
1,69.0,5.120000000000013
1,70.0,5.257000000000001
1,71.0,5.146000000000002
1,72.0,5.114000000000002
1,73.0,5.098000000000008
1,74.0,5.134000000000004
1,75.0,5.111999999999999
1,76.0,5.108000000000002
1,77.0,5.050999999999999
1,78.0,5.1880000000000015
1,79.0,5.135
1,80.0,4.9719999999999995
1,81.0,5.084999999999993
1,82.0,5.253000000000005
1,83.0,5.201999999999999
1,84.0,5.097000000000005
1,85.0,5.143000000000002
1,86.0,5.067
1,87.0,5.035999999999998
1,88.0,5.100999999999994
1,89.0,4.937000000000014
1,90.0,4.987999999999998
1,91.0,5.002999999999997
1,92.0,5.033
1,93.0,5.017000000000002
1,94.0,5.101000000000003
1,95.0,4.780000000000002
1,96.0,4.961999999999994
1,97.0,4.798999999999998
1,98.0,4.945000000000001
1,99.0,5.148999999999998
1,100.0,5.282999999999993
1,101.0,5.027
1,102.0,5.059999999999998
1,103.0,5.164000000000006
1,104.0,5.115
1,105.0,5.061999999999995
1,106.0,5.188999999999995
1,107.0,5.154000000000002
1,108.0,5.022999999999998
1,109.0,5.0159999999999885
1,110.0,5.079999999999991
1,111.0,4.986000000000011
1,112.0,5.002000000000004
1,113.0,5.117999999999997
1,114.0,5.0599999999999845
1,115.0,5.11099999999999
1,116.0,5.0550000000000015
1,117.0,5.019000000000002
1,118.0,5.1549999999999985
1,119.0,5.016999999999999
1,120.0,5.149999999999999
1,121.0,5.1200000000000045
1,122.0,5.134999999999998
1,123.0,5.148999999999998
1,124.0,4.982000000000006
1,125.0,5.136
1,126.0,5.263999999999995
1,127.0,5.260999999999995
1,128.0,5.376000000000007
1,129.0,5.237000000000003
1,130.0,5.034000000000008
1,131.0,5.176000000000001
1,132.0,5.06
1,133.0,5.047999999999997
1,134.0,5.3899999999999935
1,135.0,5.000999999999997
1,136.0,5.254999999999991
1,137.0,5.047999999999998
1,138.0,5.364999999999994
1,139.0,5.148999999999995
1,140.0,5.165
1,141.0,4.994
1,142.0,5.129000000000001
1,143.0,5.318999999999999
1,144.0,5.248999999999995
1,145.0,5.362999999999991
1,146.0,5.3100000000000005
1,147.0,5.426000000000005
1,148.0,5.323999999999995
1,149.0,5.210999999999996
1,150.0,5.443000000000008
1,151.0,5.38899999999999
1,152.0,5.2389999999999946
1,153.0,5.322000000000002
1,154.0,5.354000000000003
1,155.0,5.208000000000006
1,156.0,5.448999999999992
1,157.0,5.309999999999996
1,158.0,5.501000000000003
1,159.0,5.426999999999999
1,160.0,5.561999999999998
1,161.0,5.444999999999999
1,162.0,5.414999999999999
1,163.0,5.458000000000002
1,164.0,5.446000000000001
1,165.0,5.315000000000011
1,166.0,5.523000000000001
1,167.0,5.306000000000009
1,168.0,5.450999999999994
1,169.0,5.546999999999995
1,170.0,5.408
1,171.0,5.140000000000011
1,172.0,5.336000000000005
1,173.0,5.327000000000002
1,174.0,5.193999999999994
1,175.0,5.4799999999999995
1,176.0,5.361999999999995
1,177.0,5.286999999999995
1,178.0,5.361000000000009
1,179.0,5.445000000000004
1,180.0,5.378000000000004
1,181.0,5.247000000000001
1,182.0,5.459999999999999
1,183.0,5.3800000000000034
1,184.0,5.440000000000003
1,185.0,5.501
1,186.0,5.5009999999999994
1,187.0,5.348999999999998
1,188.0,5.639000000000003
1,189.0,5.437000000000002
1,190.0,5.309000000000001
1,191.0,5.528999999999998
1,192.0,5.549000000000002
1,193.0,5.605999999999998
1,194.0,5.598999999999998
1,195.0,5.657999999999992
1,196.0,5.724000000000001
1,197.0,5.347000000000001
1,198.0,5.468999999999993
1,199.0,5.687999999999996
1,200.0,5.486
1,201.0,5.335000000000003
1,202.0,5.439000000000009
1,203.0,5.292000000000003
1,204.0,5.345999999999998
1,205.0,5.5870000000000095
1,206.0,5.559
1,207.0,5.615000000000002
1,208.0,5.5280000000000005
1,209.0,5.554000000000003
1,210.0,5.6370000000000005
1,211.0,5.609999999999994
1,212.0,5.519999999999998
1,213.0,5.590999999999998
1,214.0,5.748999999999995
1,215.0,5.643999999999987
1,216.0,5.755999999999999
1,217.0,5.475
1,218.0,5.633000000000006
1,219.0,5.482000000000005
1,220.0,5.662000000000006
1,221.0,5.572000000000002
1,222.0,5.694999999999999
1,223.0,5.5079999999999965
1,224.0,5.554999999999996
1,225.0,5.662000000000004
1,226.0,5.636999999999995
1,227.0,5.598000000000006
1,228.0,5.535000000000003
1,229.0,5.635
1,230.0,5.481000000000005
1,231.0,5.469000000000004
1,232.0,5.629000000000005
1,233.0,5.465000000000002
1,234.0,5.380999999999999
1,235.0,5.393999999999998
1,236.0,5.511000000000001
1,237.0,5.277
1,238.0,5.615999999999997
1,239.0,5.4179999999999975
1,240.0,5.411999999999999
1,241.0,5.480999999999996
1,242.0,5.4730000000000025
1,243.0,5.50099999999999
1,244.0,5.461000000000001
1,245.0,5.576000000000002
1,246.0,5.560999999999998
1,247.0,5.491999999999999
1,248.0,5.471999999999999
1,249.0,5.713999999999998
1,250.0,5.639999999999998
1,251.0,5.699000000000001
1,252.0,5.575999999999998
1,253.0,5.516999999999998
1,254.0,5.4209999999999985
1,255.0,5.770999999999994
1,256.0,5.635999999999998
1,257.0,5.617999999999997
1,258.0,5.650999999999997
1,259.0,5.687000000000003
1,260.0,5.633999999999995
1,261.0,5.585999999999995
1,262.0,5.6099999999999985
1,263.0,5.617000000000002
1,264.0,5.698999999999995
1,265.0,5.469000000000004
1,266.0,5.844999999999991
1,267.0,5.473999999999999
1,268.0,5.520999999999994
1,269.0,5.405000000000001
1,270.0,5.597
1,271.0,5.595999999999995
1,272.0,5.578
1,273.0,5.505000000000002
1,274.0,5.563000000000001
1,275.0,5.521000000000005
1,276.0,5.466000000000005
1,277.0,5.5780000000000065
1,278.0,5.463999999999999
1,279.0,5.603
1,280.0,5.511999999999989
1,281.0,5.517
1,282.0,5.215000000000002
1,283.0,5.349000000000001
1,284.0,5.708000000000004
1,285.0,5.599999999999999
1,286.0,5.457999999999994
1,287.0,5.5790000000000015
1,288.0,5.364999999999999
1,289.0,5.7989999999999995
1,290.0,5.5569999999999995
1,291.0,5.592000000000002
1,292.0,5.597000000000006
1,293.0,5.807999999999994
1,294.0,5.617000000000006
1,295.0,5.721999999999999
1,296.0,5.6279999999999974
1,297.0,5.641999999999996
1,298.0,5.631000000000001
1,299.0,5.595000000000003
1,300.0,5.518000000000002
1,301.0,5.772000000000005
1,302.0,5.795000000000004
1,303.0,5.689000000000002
1,304.0,5.559999999999999
1,305.0,5.798000000000008
1,306.0,5.740000000000008
1,307.0,5.590000000000012
1,308.0,5.573000000000001
1,309.0,5.430000000000004
1,310.0,5.545000000000006
1,311.0,5.330999999999997
1,312.0,5.854999999999997
1,313.0,5.816000000000003
1,314.0,5.504000000000002
1,315.0,5.554000000000005
1,316.0,5.481999999999993
1,317.0,5.508999999999994
1,318.0,5.595000000000006
1,319.0,5.470000000000001
1,320.0,5.5829999999999975
1,321.0,5.409000000000005
1,322.0,5.5190000000000055
1,323.0,5.4509999999999925
1,324.0,5.567000000000006
1,325.0,5.521999999999992
1,326.0,5.5359999999999925
1,327.0,5.473
1,328.0,5.608999999999998
1,329.0,5.675000000000005
1,330.0,5.542000000000001
1,331.0,5.500999999999997
1,332.0,5.4949999999999966
1,333.0,5.48
1,334.0,5.439000000000009
1,335.0,5.521999999999999
1,336.0,5.466000000000002
1,337.0,5.456999999999995
1,338.0,5.587000000000001
1,339.0,5.387000000000005
1,340.0,5.517999999999995
1,341.0,5.524000000000004
1,342.0,5.359999999999999
1,343.0,5.628999999999999
1,344.0,5.481000000000001
1,345.0,5.4379999999999855
1,346.0,5.569999999999999
1,347.0,5.547999999999998
1,348.0,5.465000000000003
1,349.0,5.441000000000004
1,350.0,5.719999999999999
1,351.0,5.532000000000006
1,352.0,5.458999999999998
1,353.0,5.516000000000006
1,354.0,5.4950000000000045
1,355.0,5.581000000000004
1,356.0,5.376999999999997
1,357.0,5.649000000000003
1,358.0,5.5660000000000025
1,359.0,5.561999999999993
1,360.0,5.617000000000008
1,361.0,5.631000000000006
1,362.0,5.541000000000001
1,363.0,5.379000000000001
1,364.0,5.578999999999996
1,365.0,5.720000000000005
1,366.0,5.571000000000007
1,367.0,5.587999999999995
1,368.0,5.604000000000002
1,369.0,5.5360000000000005
1,370.0,5.524999999999998
1,371.0,5.609999999999995
1,372.0,5.427999999999997
1,373.0,5.645000000000008
1,374.0,5.584999999999991
1,375.0,5.566999999999992
1,376.0,5.508999999999995
1,377.0,5.811999999999999
1,378.0,5.492000000000005
1,379.0,5.6789999999999985
1,380.0,5.457999999999996
1,381.0,5.593999999999995
1,382.0,5.829999999999996
1,383.0,5.640999999999996
1,384.0,5.489000000000001
1,385.0,5.6969999999999965
1,386.0,5.679
1,387.0,5.495000000000005
1,388.0,5.62899999999999
1,389.0,5.627000000000005
1,390.0,5.554999999999998
1,391.0,5.433999999999995
1,392.0,5.621000000000007
1,393.0,5.724999999999991
1,394.0,5.434000000000003
1,395.0,5.526000000000008
1,396.0,5.751999999999995
1,397.0,5.454000000000002
1,398.0,5.617000000000001
1,399.0,5.532999999999997
1,400.0,5.525999999999994
1,401.0,5.456000000000003
1,402.0,5.495999999999993
1,403.0,5.616999999999997
1,404.0,5.710000000000006
1,405.0,5.617
1,406.0,5.522999999999999
1,407.0,5.423000000000002
1,408.0,5.657999999999999
1,409.0,5.448999999999999
1,410.0,5.287000000000004
1,411.0,5.6209999999999924
1,412.0,5.675000000000004
1,413.0,5.438999999999993
1,414.0,5.703999999999995
1,415.0,5.671000000000004
1,416.0,5.6109999999999935
1,417.0,5.401000000000011
1,418.0,5.5270000000000055
1,419.0,5.676999999999994
1,420.0,5.401000000000014
1,421.0,5.539
1,422.0,5.4129999999999905
1,423.0,5.634999999999995
1,424.0,5.610999999999994
1,425.0,5.443000000000003
1,426.0,5.663000000000004
1,427.0,5.462000000000001
1,428.0,5.443
1,429.0,5.507999999999999
1,430.0,5.5889999999999995
1,431.0,5.6170000000000035
1,432.0,5.341000000000006
1,433.0,5.519
1,434.0,5.476000000000007
1,435.0,5.4860000000000095
1,436.0,5.496
1,437.0,5.646000000000001
1,438.0,5.586000000000002
1,439.0,5.655999999999998
1,440.0,5.556999999999992
1,441.0,5.526000000000002
1,442.0,5.4750000000000005
1,443.0,5.329999999999994
1,444.0,5.55400000000001
1,445.0,5.459000000000006
1,446.0,5.507999999999994
1,447.0,5.652000000000002
1,448.0,5.535999999999999
1,449.0,5.514999999999999
1,450.0,5.6269999999999945
1,451.0,5.471000000000005
1,452.0,5.552999999999992
1,453.0,5.544999999999995
1,454.0,5.627000000000006
1,455.0,5.423999999999999
1,456.0,5.5130000000000035
1,457.0,5.457000000000007
1,458.0,5.648999999999989
1,459.0,5.439000000000004
1,460.0,5.395000000000002
1,461.0,5.719000000000003
1,462.0,5.4990000000000006
1,463.0,5.588000000000006
1,464.0,5.645000000000011
1,465.0,5.536000000000007
1,466.0,5.538999999999995
1,467.0,5.602999999999992
1,468.0,5.546000000000001
1,469.0,5.468
1,470.0,5.715999999999997
1,471.0,5.481999999999997
1,472.0,5.617999999999993
1,473.0,5.578000000000003
1,474.0,5.667000000000006
1,475.0,5.367000000000009
1,476.0,5.466000000000001
1,477.0,5.626999999999998
1,478.0,5.559000000000006
1,479.0,5.384000000000002
1,480.0,5.536000000000004
1,481.0,5.636999999999994
1,482.0,5.361000000000002
1,483.0,5.59699999999999
1,484.0,5.715999999999997
1,485.0,5.543000000000003
1,486.0,5.6080000000000005
1,487.0,5.645999999999997
1,488.0,5.5350000000000055
1,489.0,5.383000000000003
1,490.0,5.3980000000000015
1,491.0,5.396000000000004
1,492.0,5.362000000000004
1,493.0,5.343000000000003
1,494.0,5.3409999999999975
1,495.0,5.741999999999995
1,496.0,5.560000000000002
1,497.0,5.501999999999995
1,498.0,5.548999999999999
1,499.0,5.4229999999999965
1,500.0,5.369000000000004
2,1.0,0.0
2,2.0,0.0
2,3.0,0.0
2,4.0,0.0
2,5.0,0.0
2,6.0,0.07499999999999983
2,7.0,0.05000000000000005
2,8.0,0.09300000000000005
2,9.0,0.3050000000000003
2,10.0,0.5780000000000002
2,11.0,0.8469999999999993
2,12.0,1.1630000000000018
2,13.0,1.478
2,14.0,1.6999999999999995
2,15.0,2.031000000000001
2,16.0,2.5110000000000006
2,17.0,2.7419999999999987
2,18.0,3.0109999999999983
2,19.0,3.2079999999999993
2,20.0,3.5399999999999983
2,21.0,3.753
2,22.0,3.8849999999999953
2,23.0,3.9740000000000015
2,24.0,4.116999999999997
2,25.0,4.229999999999995
2,26.0,4.384000000000002
2,27.0,4.363000000000009
2,28.0,4.6010000000000035
2,29.0,4.692000000000008
2,30.0,4.615999999999994
2,31.0,4.760999999999997
2,32.0,4.7689999999999975
2,33.0,4.874999999999999
2,34.0,4.905999999999997
2,35.0,4.867
2,36.0,5.504
2,37.0,5.483999999999996
2,38.0,5.258000000000004
2,39.0,5.2759999999999945
2,40.0,5.068
2,41.0,5.327999999999994
2,42.0,5.357000000000003
2,43.0,5.100999999999995
2,44.0,5.340000000000005
2,45.0,5.223
2,46.0,5.428000000000001
2,47.0,5.231999999999998
2,48.0,5.217000000000006
2,49.0,5.2330000000000005
2,50.0,5.003000000000008
2,51.0,5.045999999999998
2,52.0,5.180000000000005
2,53.0,5.115999999999994
2,54.0,4.961000000000006
2,55.0,4.887999999999997
2,56.0,5.6309999999999985
2,57.0,5.297000000000002
2,58.0,5.185000000000006
2,59.0,5.078000000000001
2,60.0,5.340000000000004
2,61.0,5.156999999999999
2,62.0,5.3059999999999965
2,63.0,4.992000000000002
2,64.0,5.130999999999996
2,65.0,4.886000000000004
2,66.0,5.1120000000000045
2,67.0,4.900000000000001
2,68.0,5.022999999999996
2,69.0,5.136000000000003
2,70.0,4.973000000000002
2,71.0,5.186000000000004
2,72.0,5.140000000000003
2,73.0,4.942999999999999
2,74.0,5.149999999999996
2,75.0,5.078999999999999
2,76.0,5.566999999999995
2,77.0,5.532000000000003
2,78.0,5.2759999999999945
2,79.0,5.105999999999999
2,80.0,5.37
2,81.0,5.230999999999995
2,82.0,5.282999999999996
2,83.0,5.209000000000005
2,84.0,5.298000000000001
2,85.0,5.063000000000002
2,86.0,5.110000000000001
2,87.0,5.128000000000001
2,88.0,5.273999999999996
2,89.0,5.278999999999995
2,90.0,5.1450000000000005
2,91.0,5.1710000000000065
2,92.0,5.113999999999999
2,93.0,4.853999999999995
2,94.0,4.9159999999999995
2,95.0,5.003000000000004
2,96.0,5.683000000000004
2,97.0,5.360999999999991
2,98.0,5.280000000000004
2,99.0,5.238999999999992
2,100.0,5.305
2,101.0,5.197000000000007
2,102.0,5.119
2,103.0,5.130000000000008
2,104.0,5.098000000000003
2,105.0,4.879000000000003
2,106.0,5.149999999999993
2,107.0,5.036999999999997
2,108.0,5.060999999999995
2,109.0,4.997999999999996
2,110.0,5.051999999999992
2,111.0,4.888000000000002
2,112.0,4.908000000000003
2,113.0,4.931000000000005
2,114.0,5.048999999999996
2,115.0,4.748999999999992
2,116.0,5.463999999999991
2,117.0,5.260999999999994
2,118.0,5.332999999999999
2,119.0,5.1720000000000015
2,120.0,5.2820000000000045
2,121.0,5.350000000000003
2,122.0,5.209000000000004
2,123.0,5.371999999999996
2,124.0,5.312
2,125.0,5.003
2,126.0,5.160000000000002
2,127.0,4.823000000000005
2,128.0,5.0530000000000035
2,129.0,4.929000000000005
2,130.0,4.837999999999998
2,131.0,4.934999999999995
2,132.0,4.907999999999996
2,133.0,4.828999999999998
2,134.0,4.724999999999997
2,135.0,4.85300000000001
2,136.0,5.459000000000007
2,137.0,5.347999999999995
2,138.0,5.242999999999999
2,139.0,5.125999999999996
2,140.0,5.107000000000003
2,141.0,5.2429999999999986
2,142.0,5.046999999999998
2,143.0,5.191000000000001
2,144.0,5.128000000000004
2,145.0,4.917999999999997
2,146.0,4.901999999999998
2,147.0,5.019999999999997
2,148.0,4.927
2,149.0,5.135999999999986
2,150.0,4.942000000000002
2,151.0,4.870000000000005
2,152.0,4.921000000000002
2,153.0,4.950999999999999
2,154.0,4.741999999999998
2,155.0,4.544999999999998
2,156.0,5.372999999999996
2,157.0,4.991999999999991
2,158.0,5.187000000000005
2,159.0,5.202000000000001
2,160.0,5.085999999999997
2,161.0,5.142000000000009
2,162.0,5.012000000000008
2,163.0,4.991000000000006
2,164.0,4.998000000000005
2,165.0,4.954
2,166.0,4.793999999999993
2,167.0,4.76100000000001
2,168.0,4.993999999999992
2,169.0,5.014000000000004
2,170.0,5.202000000000002
2,171.0,4.8560000000000025
2,172.0,4.920999999999993
2,173.0,4.961999999999999
2,174.0,4.959000000000003
2,175.0,4.939999999999999
2,176.0,5.512000000000003
2,177.0,5.390000000000004
2,178.0,5.200999999999998
2,179.0,5.231999999999997
2,180.0,5.289000000000001
2,181.0,5.328000000000006
2,182.0,5.2070000000000105
2,183.0,5.252000000000007
2,184.0,5.315000000000004
2,185.0,5.149999999999999
2,186.0,5.151999999999997
2,187.0,5.1430000000000025
2,188.0,5.079999999999998
2,189.0,5.008000000000003
2,190.0,5.013
2,191.0,4.807000000000002
2,192.0,4.924000000000004
2,193.0,4.887000000000007
2,194.0,4.8950000000000005
2,195.0,4.7689999999999975
2,196.0,5.549000000000001
2,197.0,5.199999999999993
2,198.0,5.2780000000000005
2,199.0,5.249999999999989
2,200.0,5.305000000000005
2,201.0,5.191000000000008
2,202.0,5.200000000000001
2,203.0,5.126000000000011
2,204.0,5.060000000000008
2,205.0,5.028999999999995
2,206.0,5.100000000000003
2,207.0,4.958999999999995
2,208.0,4.857000000000004
2,209.0,4.896999999999995
2,210.0,4.9129999999999985
2,211.0,4.990000000000001
2,212.0,4.997999999999998
2,213.0,4.938000000000003
2,214.0,5.012000000000004
2,215.0,5.007999999999996
2,216.0,5.485000000000002
2,217.0,5.167999999999995
2,218.0,5.119000000000002
2,219.0,5.170000000000007
2,220.0,5.103
2,221.0,5.430000000000002
2,222.0,5.0930000000000035
2,223.0,5.230000000000005
2,224.0,4.920999999999993
2,225.0,4.948
2,226.0,4.641999999999996
2,227.0,4.793000000000001
2,228.0,4.704000000000003
2,229.0,4.865999999999994
2,230.0,4.764999999999999
2,231.0,5.057000000000004
2,232.0,4.8389999999999995
2,233.0,5.070999999999994
2,234.0,4.904999999999998
2,235.0,4.897000000000001
2,236.0,5.560999999999999
2,237.0,5.496999999999998
2,238.0,5.242000000000003
2,239.0,5.216000000000005
2,240.0,5.291
2,241.0,5.052000000000001
2,242.0,4.8939999999999975
2,243.0,5.1589999999999945
2,244.0,4.895000000000003
2,245.0,4.839000000000006
2,246.0,4.9089999999999945
2,247.0,4.843000000000004
2,248.0,4.71300000000001
2,249.0,4.7359999999999935
2,250.0,4.788
2,251.0,5.027000000000001
2,252.0,4.798999999999996
2,253.0,4.709000000000005
2,254.0,4.780000000000002
2,255.0,4.965000000000004
2,256.0,5.261999999999999
2,257.0,5.210000000000004
2,258.0,5.0789999999999935
2,259.0,5.064999999999998
2,260.0,5.423000000000007
2,261.0,5.077999999999992
2,262.0,5.291000000000004
2,263.0,5.116999999999999
2,264.0,5.141999999999999
2,265.0,5.071999999999992
2,266.0,5.199000000000007
2,267.0,4.995999999999995
2,268.0,5.083
2,269.0,5.111999999999998
2,270.0,5.108000000000001
2,271.0,5.154000000000006
2,272.0,4.983000000000003
2,273.0,5.2059999999999915
2,274.0,4.909000000000002
2,275.0,4.868000000000002
2,276.0,5.492000000000002
2,277.0,5.261000000000003
2,278.0,5.386000000000009
2,279.0,5.312999999999996
2,280.0,5.2140000000000075
2,281.0,5.201000000000008
2,282.0,5.081
2,283.0,5.0580000000000025
2,284.0,5.00600000000001
2,285.0,4.937000000000004
2,286.0,4.980999999999999
2,287.0,5.167999999999998
2,288.0,5.122999999999994
2,289.0,5.177999999999996
2,290.0,4.861000000000006
2,291.0,5.025999999999993
2,292.0,4.846000000000002
2,293.0,4.946000000000002
2,294.0,4.8880000000000035
2,295.0,4.973000000000001
2,296.0,5.518000000000002
2,297.0,5.343999999999998
2,298.0,5.150000000000003
2,299.0,5.215999999999997
2,300.0,5.258000000000001
2,301.0,5.033999999999986
2,302.0,5.007000000000001
2,303.0,5.085000000000001
2,304.0,4.891999999999999
2,305.0,4.840999999999998
2,306.0,4.853000000000002
2,307.0,4.815999999999998
2,308.0,4.861999999999993
2,309.0,4.981999999999999
2,310.0,5.060000000000004
2,311.0,5.001999999999997
2,312.0,4.901999999999997
2,313.0,4.793000000000003
2,314.0,4.979
2,315.0,5.056999999999998
2,316.0,5.3600000000000145
2,317.0,5.355999999999997
2,318.0,5.432999999999992
2,319.0,5.453000000000002
2,320.0,5.2219999999999995
2,321.0,5.243000000000005
2,322.0,5.441999999999996
2,323.0,5.125000000000005
2,324.0,5.236000000000005
2,325.0,4.96799999999999
2,326.0,4.805000000000002
2,327.0,4.815000000000001
2,328.0,4.930999999999998
2,329.0,4.887000000000008
2,330.0,4.853999999999993
2,331.0,4.963000000000002
2,332.0,4.8989999999999965
2,333.0,4.912999999999998
2,334.0,5.066000000000007
2,335.0,4.994
2,336.0,5.497999999999995
2,337.0,5.3790000000000004
2,338.0,5.247000000000001
2,339.0,5.255000000000001
2,340.0,5.272000000000001
2,341.0,4.915
2,342.0,4.959999999999999
2,343.0,4.679999999999994
2,344.0,4.960000000000002
2,345.0,4.990999999999997
2,346.0,4.947999999999999
2,347.0,4.806999999999998
2,348.0,4.924
2,349.0,4.729000000000004
2,350.0,4.7400000000000055
2,351.0,4.705999999999991
2,352.0,4.789999999999996
2,353.0,4.586999999999994
2,354.0,4.853999999999999
2,355.0,4.938999999999996
2,356.0,5.457000000000003
2,357.0,5.071000000000002
2,358.0,4.848000000000002
2,359.0,4.879000000000005
2,360.0,5.099000000000003
2,361.0,5.0640000000000045
2,362.0,4.941000000000001
2,363.0,4.9980000000000055
2,364.0,4.739999999999999
2,365.0,4.750000000000008
2,366.0,4.984
2,367.0,4.898999999999991
2,368.0,4.652000000000008
2,369.0,4.846999999999995
2,370.0,4.5909999999999975
2,371.0,4.774999999999997
2,372.0,4.8340000000000005
2,373.0,4.722000000000001
2,374.0,4.823999999999992
2,375.0,4.709000000000004
2,376.0,5.301999999999997
2,377.0,5.022999999999995
2,378.0,4.8939999999999975
2,379.0,5.005000000000003
2,380.0,4.977999999999996
2,381.0,5.038000000000001
2,382.0,5.0879999999999965
2,383.0,5.094000000000001
2,384.0,5.178000000000006
2,385.0,5.051999999999997
2,386.0,5.016999999999993
2,387.0,4.8400000000000025
2,388.0,4.909999999999999
2,389.0,4.834999999999992
2,390.0,4.9990000000000006
2,391.0,4.950999999999997
2,392.0,5.102999999999996
2,393.0,5.107000000000003
2,394.0,4.938999999999994
2,395.0,4.925000000000002
2,396.0,5.528999999999997
2,397.0,5.342999999999997
2,398.0,5.254000000000007
2,399.0,5.206000000000011
2,400.0,5.398000000000007
2,401.0,5.235000000000004
2,402.0,5.144999999999994
2,403.0,4.952999999999995
2,404.0,4.855999999999991
2,405.0,4.946000000000006
2,406.0,4.836999999999993
2,407.0,4.774999999999998
2,408.0,4.786999999999993
2,409.0,4.680999999999997
2,410.0,4.739000000000002
2,411.0,4.782000000000004
2,412.0,4.909999999999997
2,413.0,4.691999999999999
2,414.0,4.904000000000005
2,415.0,4.878999999999997
2,416.0,5.092
2,417.0,5.308000000000008
2,418.0,5.1880000000000015
2,419.0,5.182000000000009
2,420.0,5.025000000000004
2,421.0,5.027000000000004
2,422.0,5.223999999999996
2,423.0,4.838999999999997
2,424.0,4.918000000000005
2,425.0,4.695000000000006
2,426.0,4.580000000000008
2,427.0,4.810999999999994
2,428.0,4.717000000000003
2,429.0,4.752000000000006
2,430.0,4.601
2,431.0,4.772000000000001
2,432.0,4.963000000000005
2,433.0,4.909000000000005
2,434.0,4.813000000000002
2,435.0,4.9470000000000045
2,436.0,5.385000000000001
2,437.0,5.232000000000001
2,438.0,5.234
2,439.0,5.127000000000001
2,440.0,5.167000000000009
2,441.0,5.014000000000006
2,442.0,5.061999999999999
2,443.0,4.972000000000006
2,444.0,4.856999999999992
2,445.0,5.08300000000001
2,446.0,5.040000000000006
2,447.0,4.839000000000004
2,448.0,4.905
2,449.0,4.817
2,450.0,4.813999999999998
2,451.0,4.950000000000004
2,452.0,4.7939999999999925
2,453.0,4.731999999999993
2,454.0,4.908000000000001
2,455.0,4.793999999999995
2,456.0,5.2309999999999945
2,457.0,4.991000000000003
2,458.0,5.142000000000001
2,459.0,5.304000000000002
2,460.0,5.126999999999993
2,461.0,5.2129999999999965
2,462.0,5.145999999999998
2,463.0,4.973000000000004
2,464.0,5.053999999999996
2,465.0,5.049000000000003
2,466.0,4.830999999999995
2,467.0,4.9079999999999995
2,468.0,4.788999999999997
2,469.0,4.943999999999998
2,470.0,4.778999999999993
2,471.0,4.872999999999997
2,472.0,4.872000000000003
2,473.0,4.985000000000004
2,474.0,5.037999999999994
2,475.0,4.718999999999989
2,476.0,5.666000000000002
2,477.0,5.1099999999999985
2,478.0,5.116999999999997
2,479.0,5.234000000000001
2,480.0,5.336999999999998
2,481.0,5.325999999999993
2,482.0,5.213999999999994
2,483.0,5.213999999999995
2,484.0,5.01
2,485.0,4.848999999999998
2,486.0,4.954000000000001
2,487.0,4.824999999999997
2,488.0,4.852999999999993
2,489.0,4.919000000000006
2,490.0,4.988999999999996
2,491.0,4.939
2,492.0,4.851000000000007
2,493.0,4.865000000000001
2,494.0,4.784000000000006
2,495.0,4.870999999999995
2,496.0,5.310999999999991
2,497.0,5.161000000000003
2,498.0,5.014000000000005
2,499.0,5.0530000000000035
2,500.0,4.977000000000001
3,1.0,0.0
3,2.0,0.0
3,3.0,0.0
3,4.0,0.0
3,5.0,0.0
3,6.0,0.0
3,7.0,0.0
3,8.0,0.0
3,9.0,0.0
3,10.0,0.0
3,11.0,0.0
3,12.0,0.0
3,13.0,0.0
3,14.0,0.0
3,15.0,0.0
3,16.0,0.0
3,17.0,0.0
3,18.0,0.0
3,19.0,0.0
3,20.0,0.0
3,21.0,0.0
3,22.0,0.0
3,23.0,0.0
3,24.0,0.0
3,25.0,0.0
3,26.0,0.0
3,27.0,0.0
3,28.0,0.0
3,29.0,0.0
3,30.0,0.0
3,31.0,0.0
3,32.0,0.0
3,33.0,0.0
3,34.0,0.0
3,35.0,0.0
3,36.0,0.0
3,37.0,0.0
3,38.0,0.0
3,39.0,0.0
3,40.0,0.0
3,41.0,0.0
3,42.0,0.0
3,43.0,0.0
3,44.0,0.0
3,45.0,0.0
3,46.0,0.0
3,47.0,0.0
3,48.0,0.0
3,49.0,0.0
3,50.0,0.0
3,51.0,0.0
3,52.0,0.0
3,53.0,0.0
3,54.0,0.0
3,55.0,0.0
3,56.0,0.0
3,57.0,0.0
3,58.0,0.0
3,59.0,0.0
3,60.0,0.0
3,61.0,0.0
3,62.0,0.0
3,63.0,0.0
3,64.0,0.0
3,65.0,0.0
3,66.0,0.0
3,67.0,0.0
3,68.0,0.0
3,69.0,0.0
3,70.0,0.0
3,71.0,0.0
3,72.0,0.0
3,73.0,0.0
3,74.0,0.0
3,75.0,0.0
3,76.0,0.0
3,77.0,0.0
3,78.0,0.0
3,79.0,0.0
3,80.0,0.0
3,81.0,0.0
3,82.0,0.0
3,83.0,0.0
3,84.0,0.0
3,85.0,0.0
3,86.0,0.0
3,87.0,0.0
3,88.0,0.0
3,89.0,0.0
3,90.0,0.0
3,91.0,0.0
3,92.0,0.0
3,93.0,0.0
3,94.0,0.0
3,95.0,0.0
3,96.0,0.0
3,97.0,0.0
3,98.0,0.0
3,99.0,0.0
3,100.0,0.0
3,101.0,0.0
3,102.0,0.0
3,103.0,0.0
3,104.0,0.0
3,105.0,0.0
3,106.0,0.0
3,107.0,0.0
3,108.0,0.0
3,109.0,0.0
3,110.0,0.0
3,111.0,0.0
3,112.0,0.0
3,113.0,0.0
3,114.0,0.0
3,115.0,0.0
3,116.0,0.0
3,117.0,0.0
3,118.0,0.0
3,119.0,0.0
3,120.0,0.0
3,121.0,0.0
3,122.0,0.0
3,123.0,0.0
3,124.0,0.0
3,125.0,0.0
3,126.0,0.0
3,127.0,0.0
3,128.0,0.0
3,129.0,0.0
3,130.0,0.0
3,131.0,0.0
3,132.0,0.0
3,133.0,0.0
3,134.0,0.0
3,135.0,0.0
3,136.0,0.0
3,137.0,0.0
3,138.0,0.0
3,139.0,0.0
3,140.0,0.0
3,141.0,0.0
3,142.0,0.0
3,143.0,0.0
3,144.0,0.0
3,145.0,0.0
3,146.0,0.0
3,147.0,0.0
3,148.0,0.0
3,149.0,0.0
3,150.0,0.0
3,151.0,0.0
3,152.0,0.0
3,153.0,0.0
3,154.0,0.0
3,155.0,0.0
3,156.0,0.0
3,157.0,0.0
3,158.0,0.0
3,159.0,0.0
3,160.0,0.0
3,161.0,0.0
3,162.0,0.0
3,163.0,0.0
3,164.0,0.0
3,165.0,0.0
3,166.0,0.0
3,167.0,0.0
3,168.0,0.0
3,169.0,0.0
3,170.0,0.0
3,171.0,0.0
3,172.0,0.0
3,173.0,0.0
3,174.0,0.0
3,175.0,0.0
3,176.0,0.0
3,177.0,0.0
3,178.0,0.0
3,179.0,0.0
3,180.0,0.0
3,181.0,0.0
3,182.0,0.0
3,183.0,0.0
3,184.0,0.0
3,185.0,0.0
3,186.0,0.0
3,187.0,0.0
3,188.0,0.0
3,189.0,0.0
3,190.0,0.0
3,191.0,0.0
3,192.0,0.0
3,193.0,0.0
3,194.0,0.0
3,195.0,0.0
3,196.0,0.0
3,197.0,0.0
3,198.0,0.0
3,199.0,0.0
3,200.0,0.0
3,201.0,0.0
3,202.0,0.0
3,203.0,0.0
3,204.0,0.0
3,205.0,0.0
3,206.0,0.0
3,207.0,0.0
3,208.0,0.0
3,209.0,0.0
3,210.0,0.0
3,211.0,0.0
3,212.0,0.0
3,213.0,0.0
3,214.0,0.0
3,215.0,0.0
3,216.0,0.0
3,217.0,0.0
3,218.0,0.0
3,219.0,0.0
3,220.0,0.0
3,221.0,0.0
3,222.0,0.0
3,223.0,0.0
3,224.0,0.0
3,225.0,0.0
3,226.0,0.0
3,227.0,0.0
3,228.0,0.0
3,229.0,0.0
3,230.0,0.0
3,231.0,0.0
3,232.0,0.0
3,233.0,0.0
3,234.0,0.0
3,235.0,0.0
3,236.0,0.0
3,237.0,0.0
3,238.0,0.0
3,239.0,0.0
3,240.0,0.0
3,241.0,0.0
3,242.0,0.0
3,243.0,0.0
3,244.0,0.0
3,245.0,0.0
3,246.0,0.0
3,247.0,0.0
3,248.0,0.0
3,249.0,0.0
3,250.0,0.0
3,251.0,0.0
3,252.0,0.0
3,253.0,0.0
3,254.0,0.0
3,255.0,0.0
3,256.0,0.0
3,257.0,0.0
3,258.0,0.0
3,259.0,0.0
3,260.0,0.0
3,261.0,0.0
3,262.0,0.0
3,263.0,0.0
3,264.0,0.0
3,265.0,0.0
3,266.0,0.0
3,267.0,0.0
3,268.0,0.0
3,269.0,0.0
3,270.0,0.0
3,271.0,0.0
3,272.0,0.0
3,273.0,0.0
3,274.0,0.0
3,275.0,0.0
3,276.0,0.0
3,277.0,0.0
3,278.0,0.0
3,279.0,0.0
3,280.0,0.0
3,281.0,0.0
3,282.0,0.0
3,283.0,0.0
3,284.0,0.0
3,285.0,0.0
3,286.0,0.0
3,287.0,0.0
3,288.0,0.0
3,289.0,0.0
3,290.0,0.0
3,291.0,0.0
3,292.0,0.0
3,293.0,0.0
3,294.0,0.0
3,295.0,0.0
3,296.0,0.0
3,297.0,0.0
3,298.0,0.0
3,299.0,0.0
3,300.0,0.0
3,301.0,0.0
3,302.0,0.0
3,303.0,0.0
3,304.0,0.0
3,305.0,0.0
3,306.0,0.0
3,307.0,0.0
3,308.0,0.0
3,309.0,0.0
3,310.0,0.0
3,311.0,0.0
3,312.0,0.0
3,313.0,0.0
3,314.0,0.0
3,315.0,0.0
3,316.0,0.0
3,317.0,0.0
3,318.0,0.0
3,319.0,0.0
3,320.0,0.0
3,321.0,0.0
3,322.0,0.0
3,323.0,0.0
3,324.0,0.0
3,325.0,0.0
3,326.0,0.0
3,327.0,0.0
3,328.0,0.0
3,329.0,0.0
3,330.0,0.0
3,331.0,0.0
3,332.0,0.0
3,333.0,0.0
3,334.0,0.0
3,335.0,0.0
3,336.0,0.0
3,337.0,0.0
3,338.0,0.0
3,339.0,0.0
3,340.0,0.0
3,341.0,0.0
3,342.0,0.0
3,343.0,0.0
3,344.0,0.0
3,345.0,0.0
3,346.0,0.0
3,347.0,0.0
3,348.0,0.0
3,349.0,0.0
3,350.0,0.0
3,351.0,0.0
3,352.0,0.0
3,353.0,0.0
3,354.0,0.0
3,355.0,0.0
3,356.0,0.0
3,357.0,0.0
3,358.0,0.0
3,359.0,0.0
3,360.0,0.0
3,361.0,0.0
3,362.0,0.0
3,363.0,0.0
3,364.0,0.0
3,365.0,0.0
3,366.0,0.0
3,367.0,0.0
3,368.0,0.0
3,369.0,0.0
3,370.0,0.0
3,371.0,0.0
3,372.0,0.0
3,373.0,0.0
3,374.0,0.0
3,375.0,0.0
3,376.0,0.0
3,377.0,0.0
3,378.0,0.0
3,379.0,0.0
3,380.0,0.0
3,381.0,0.0
3,382.0,0.0
3,383.0,0.0
3,384.0,0.0
3,385.0,0.0
3,386.0,0.0
3,387.0,0.0
3,388.0,0.0
3,389.0,0.0
3,390.0,0.0
3,391.0,0.0
3,392.0,0.0
3,393.0,0.0
3,394.0,0.0
3,395.0,0.0
3,396.0,0.0
3,397.0,0.0
3,398.0,0.0
3,399.0,0.0
3,400.0,0.0
3,401.0,0.0
3,402.0,0.0
3,403.0,0.0
3,404.0,0.0
3,405.0,0.0
3,406.0,0.0
3,407.0,0.0
3,408.0,0.0
3,409.0,0.0
3,410.0,0.0
3,411.0,0.0
3,412.0,0.0
3,413.0,0.0
3,414.0,0.0
3,415.0,0.0
3,416.0,0.0
3,417.0,0.0
3,418.0,0.0
3,419.0,0.0
3,420.0,0.0
3,421.0,0.0
3,422.0,0.0
3,423.0,0.0
3,424.0,0.0
3,425.0,0.0
3,426.0,0.0
3,427.0,0.0
3,428.0,0.0
3,429.0,0.0
3,430.0,0.0
3,431.0,0.0
3,432.0,0.0
3,433.0,0.0
3,434.0,0.0
3,435.0,0.0
3,436.0,0.0
3,437.0,0.0
3,438.0,0.0
3,439.0,0.0
3,440.0,0.0
3,441.0,0.0
3,442.0,0.0
3,443.0,0.0
3,444.0,0.0
3,445.0,0.0
3,446.0,0.0
3,447.0,0.0
3,448.0,0.0
3,449.0,0.0
3,450.0,0.0
3,451.0,0.0
3,452.0,0.0
3,453.0,0.0
3,454.0,0.0
3,455.0,0.0
3,456.0,0.0
3,457.0,0.0
3,458.0,0.0
3,459.0,0.0
3,460.0,0.0
3,461.0,0.0
3,462.0,0.0
3,463.0,0.0
3,464.0,0.0
3,465.0,0.0
3,466.0,0.0
3,467.0,0.0
3,468.0,0.0
3,469.0,0.0
3,470.0,0.0
3,471.0,0.0
3,472.0,0.0
3,473.0,0.0
3,474.0,0.0
3,475.0,0.0
3,476.0,0.0
3,477.0,0.0
3,478.0,0.0
3,479.0,0.0
3,480.0,0.0
3,481.0,0.0
3,482.0,0.0
3,483.0,0.0
3,484.0,0.0
3,485.0,0.0
3,486.0,0.0
3,487.0,0.0
3,488.0,0.0
3,489.0,0.0
3,490.0,0.0
3,491.0,0.0
3,492.0,0.0
3,493.0,0.0
3,494.0,0.0
3,495.0,0.0
3,496.0,0.0
3,497.0,0.0
3,498.0,0.0
3,499.0,0.0
3,500.0,0.0
4,1.0,0.0
4,2.0,0.0
4,3.0,0.0
4,4.0,0.0
4,5.0,0.0
4,6.0,0.09499999999999996
4,7.0,0.07099999999999992
4,8.0,0.12299999999999996
4,9.0,0.3030000000000004
4,10.0,0.6549999999999996
4,11.0,0.7790000000000008
4,12.0,1.1380000000000017
4,13.0,1.4940000000000015
4,14.0,1.817
4,15.0,1.9430000000000007
4,16.0,2.344999999999997
4,17.0,2.484000000000001
4,18.0,2.6950000000000056
4,19.0,3.130000000000003
4,20.0,3.095999999999999
4,21.0,3.281999999999999
4,22.0,3.623000000000003
4,23.0,3.848999999999999
4,24.0,3.9060000000000046
4,25.0,4.092999999999999
4,26.0,4.072000000000003
4,27.0,4.371999999999993
4,28.0,4.378000000000005
4,29.0,4.590999999999997
4,30.0,4.560000000000004
4,31.0,4.720999999999995
4,32.0,4.619999999999992
4,33.0,4.871999999999997
4,34.0,4.767000000000007
4,35.0,4.859999999999996
4,36.0,4.804999999999996
4,37.0,4.8279999999999985
4,38.0,4.943999999999996
4,39.0,4.871999999999996
4,40.0,4.8570000000000055
4,41.0,4.952
4,42.0,5.120999999999998
4,43.0,5.093999999999997
4,44.0,5.182
4,45.0,4.99000000000001
4,46.0,5.221999999999999
4,47.0,5.0529999999999955
4,48.0,4.952999999999998
4,49.0,5.117
4,50.0,5.215
4,51.0,5.096999999999998
4,52.0,5.162000000000005
4,53.0,5.141000000000006
4,54.0,5.233
4,55.0,5.226999999999998
4,56.0,5.186000000000003
4,57.0,4.995
4,58.0,5.111000000000002
4,59.0,5.418999999999993
4,60.0,5.185000000000001
4,61.0,5.227999999999994
4,62.0,5.127000000000003
4,63.0,5.465999999999998
4,64.0,5.435
4,65.0,5.206999999999996
4,66.0,5.189999999999999
4,67.0,5.254999999999999
4,68.0,5.296999999999994
4,69.0,5.308000000000001
4,70.0,5.339000000000003
4,71.0,5.004000000000002
4,72.0,5.093000000000001
4,73.0,5.049999999999999
4,74.0,5.118000000000001
4,75.0,4.989
4,76.0,5.184999999999997
4,77.0,5.010999999999997
4,78.0,5.088000000000006
4,79.0,5.030999999999999
4,80.0,5.090999999999996
4,81.0,5.169999999999995
4,82.0,5.086
4,83.0,5.001000000000003
4,84.0,5.222999999999996
4,85.0,5.268999999999998
4,86.0,5.212000000000001
4,87.0,5.254
4,88.0,5.371000000000001
4,89.0,5.297999999999995
4,90.0,5.2689999999999975
4,91.0,5.224
4,92.0,5.256999999999993
4,93.0,5.279999999999995
4,94.0,5.2319999999999975
4,95.0,5.3460000000000045
4,96.0,5.26200000000001
4,97.0,5.285000000000001
4,98.0,5.323000000000007
4,99.0,5.5050000000000106
4,100.0,5.441999999999999
4,101.0,5.324000000000001
4,102.0,5.184999999999997
4,103.0,5.347000000000004
4,104.0,5.022999999999992
4,105.0,5.2310000000000025
4,106.0,5.406000000000003
4,107.0,5.417000000000006
4,108.0,5.382000000000007
4,109.0,5.622000000000001
4,110.0,5.483999999999999
4,111.0,5.6010000000000035
4,112.0,5.4730000000000025
4,113.0,5.429999999999998
4,114.0,5.388999999999995
4,115.0,5.585000000000003
4,116.0,5.658999999999993
4,117.0,5.3900000000000095
4,118.0,5.4440000000000035
4,119.0,5.3960000000000035
4,120.0,5.1590000000000025
4,121.0,5.377
4,122.0,5.491000000000003
4,123.0,5.209000000000004
4,124.0,5.341999999999996
4,125.0,5.2970000000000015
4,126.0,5.203000000000004
4,127.0,5.145999999999999
4,128.0,5.1100000000000065
4,129.0,5.171
4,130.0,5.189000000000006
4,131.0,5.279999999999998
4,132.0,5.258999999999999
4,133.0,5.277
4,134.0,5.2840000000000025
4,135.0,5.295999999999995
4,136.0,5.292000000000007
4,137.0,5.333000000000002
4,138.0,5.233000000000008
4,139.0,5.221000000000001
4,140.0,5.151000000000002
4,141.0,5.079999999999999
4,142.0,5.160999999999997
4,143.0,4.933000000000002
4,144.0,5.096000000000005
4,145.0,5.149999999999993
4,146.0,5.1979999999999995
4,147.0,5.261000000000004
4,148.0,5.105
4,149.0,5.22
4,150.0,5.1479999999999935
4,151.0,5.290999999999993
4,152.0,5.3680000000000065
4,153.0,5.3479999999999945
4,154.0,5.539000000000004
4,155.0,5.274000000000005
4,156.0,5.394000000000003
4,157.0,5.2130000000000045
4,158.0,5.2739999999999965
4,159.0,5.220999999999997
4,160.0,5.213999999999995
4,161.0,5.1549999999999985
4,162.0,5.239000000000001
4,163.0,5.301000000000001
4,164.0,5.3359999999999985
4,165.0,5.499000000000002
4,166.0,5.386000000000001
4,167.0,5.351999999999998
4,168.0,5.519000000000001
4,169.0,5.392999999999997
4,170.0,5.328000000000001
4,171.0,5.281999999999998
4,172.0,5.442000000000002
4,173.0,5.247000000000008
4,174.0,5.474000000000002
4,175.0,5.440000000000002
4,176.0,5.280999999999995
4,177.0,5.484000000000002
4,178.0,5.306000000000006
4,179.0,5.36699999999999
4,180.0,5.302
4,181.0,5.194999999999999
4,182.0,5.258000000000002
4,183.0,5.207999999999996
4,184.0,5.2790000000000035
4,185.0,5.226000000000004
4,186.0,5.397999999999993
4,187.0,5.419999999999996
4,188.0,5.314999999999998
4,189.0,5.399999999999994
4,190.0,5.359000000000013
4,191.0,5.335999999999997
4,192.0,5.314999999999994
4,193.0,5.37600000000001
4,194.0,5.5200000000000005
4,195.0,5.321
4,196.0,5.195999999999994
4,197.0,5.352000000000002
4,198.0,5.382999999999993
4,199.0,5.512000000000008
4,200.0,5.338000000000006
4,201.0,5.456999999999996
4,202.0,5.412000000000004
4,203.0,5.3089999999999975
4,204.0,5.427999999999993
4,205.0,5.2059999999999995
4,206.0,5.372
4,207.0,5.299999999999997
4,208.0,5.398
4,209.0,5.510999999999994
4,210.0,5.376000000000001
4,211.0,5.4410000000000025
4,212.0,5.279000000000009
4,213.0,5.447000000000006
4,214.0,5.387000000000002
4,215.0,5.447999999999999
4,216.0,5.358999999999999
4,217.0,5.319
4,218.0,5.338
4,219.0,5.364000000000001
4,220.0,5.423000000000006
4,221.0,5.321999999999994
4,222.0,5.414
4,223.0,5.464000000000002
4,224.0,5.455000000000007
4,225.0,5.608999999999999
4,226.0,5.445000000000006
4,227.0,5.49700000000001
4,228.0,5.428000000000002
4,229.0,5.485000000000001
4,230.0,5.562000000000005
4,231.0,5.423000000000001
4,232.0,5.548000000000002
4,233.0,5.560000000000003
4,234.0,5.584000000000002
4,235.0,5.5239999999999965
4,236.0,5.396999999999997
4,237.0,5.465999999999991
4,238.0,5.412999999999996
4,239.0,5.602000000000002
4,240.0,5.3560000000000025
4,241.0,5.477000000000001
4,242.0,5.494000000000009
4,243.0,5.399000000000001
4,244.0,5.379999999999997
4,245.0,5.356999999999998
4,246.0,5.504999999999992
4,247.0,5.346999999999998
4,248.0,5.464999999999998
4,249.0,5.669000000000006
4,250.0,5.5019999999999945
4,251.0,5.511000000000005
4,252.0,5.661999999999998
4,253.0,5.436999999999995
4,254.0,5.4849999999999985
4,255.0,5.292999999999997
4,256.0,5.397999999999995
4,257.0,5.142000000000009
4,258.0,5.438000000000017
4,259.0,5.513000000000003
4,260.0,5.281000000000002
4,261.0,5.366000000000007
4,262.0,5.246999999999997
4,263.0,5.4449999999999985
4,264.0,5.443999999999991
4,265.0,5.240999999999993
4,266.0,5.3719999999999954
4,267.0,5.304
4,268.0,5.3929999999999945
4,269.0,5.365999999999999
4,270.0,5.492999999999999
4,271.0,5.655000000000004
4,272.0,5.434000000000005
4,273.0,5.473999999999995
4,274.0,5.6209999999999996
4,275.0,5.377000000000005
4,276.0,5.446999999999997
4,277.0,5.503999999999995
4,278.0,5.357000000000002
4,279.0,5.447000000000001
4,280.0,5.691
4,281.0,5.621999999999995
4,282.0,5.549999999999999
4,283.0,5.6559999999999935
4,284.0,5.6039999999999965
4,285.0,5.468000000000001
4,286.0,5.617000000000003
4,287.0,5.62600000000001
4,288.0,5.768000000000004
4,289.0,5.664000000000001
4,290.0,5.689000000000002
4,291.0,5.813000000000003
4,292.0,5.590999999999998
4,293.0,5.618000000000003
4,294.0,5.720999999999996
4,295.0,5.886999999999999
4,296.0,5.563000000000007
4,297.0,5.661999999999999
4,298.0,5.4969999999999954
4,299.0,5.583999999999996
4,300.0,5.775999999999995
4,301.0,5.595999999999994
4,302.0,5.6900000000000075
4,303.0,5.51799999999999
4,304.0,5.5260000000000025
4,305.0,5.544999999999997
4,306.0,5.612999999999993
4,307.0,5.605999999999992
4,308.0,5.524000000000004
4,309.0,5.533999999999995
4,310.0,5.489999999999996
4,311.0,5.441999999999999
4,312.0,5.521999999999998
4,313.0,5.619999999999999
4,314.0,5.476999999999992
4,315.0,5.626000000000008
4,316.0,5.448999999999991
4,317.0,5.344000000000003
4,318.0,5.37
4,319.0,5.415
4,320.0,5.371999999999999
4,321.0,5.344
4,322.0,5.520000000000012
4,323.0,5.405000000000002
4,324.0,5.461999999999995
4,325.0,5.586000000000008
4,326.0,5.421000000000001
4,327.0,5.542999999999998
4,328.0,5.694999999999999
4,329.0,5.498999999999993
4,330.0,5.654000000000002
4,331.0,5.561
4,332.0,5.600000000000001
4,333.0,5.3210000000000015
4,334.0,5.725999999999997
4,335.0,5.554999999999996
4,336.0,5.567999999999995
4,337.0,5.339999999999999
4,338.0,5.454
4,339.0,5.327999999999999
4,340.0,5.492000000000001
4,341.0,5.543000000000008
4,342.0,5.458
4,343.0,5.629
4,344.0,5.585000000000001
4,345.0,5.638999999999998
4,346.0,5.556000000000006
4,347.0,5.406999999999997
4,348.0,5.576999999999996
4,349.0,5.617999999999992
4,350.0,5.538999999999997
4,351.0,5.519999999999999
4,352.0,5.42100000000001
4,353.0,5.630999999999992
4,354.0,5.382999999999998
4,355.0,5.589000000000002
4,356.0,5.592999999999993
4,357.0,5.650999999999996
4,358.0,5.5569999999999995
4,359.0,5.445000000000012
4,360.0,5.533999999999996
4,361.0,5.7069999999999945
4,362.0,5.686000000000003
4,363.0,5.701999999999998
4,364.0,5.692000000000001
4,365.0,5.695000000000006
4,366.0,5.506999999999994
4,367.0,5.582000000000006
4,368.0,5.574
4,369.0,5.5409999999999995
4,370.0,5.661999999999999
4,371.0,5.533000000000002
4,372.0,5.5859999999999985
4,373.0,5.698000000000008
4,374.0,5.741000000000002
4,375.0,5.534000000000003
4,376.0,5.607999999999995
4,377.0,5.598999999999998
4,378.0,5.479999999999992
4,379.0,5.581999999999998
4,380.0,5.532000000000002
4,381.0,5.783000000000005
4,382.0,5.540999999999997
4,383.0,5.683999999999998
4,384.0,5.769000000000013
4,385.0,5.736000000000002
4,386.0,5.588000000000005
4,387.0,5.604999999999999
4,388.0,5.798000000000002
4,389.0,5.5790000000000015
4,390.0,5.746999999999997
4,391.0,5.467000000000001
4,392.0,5.542999999999997
4,393.0,5.526999999999999
4,394.0,5.568999999999999
4,395.0,5.589
4,396.0,5.591
4,397.0,5.6090000000000035
4,398.0,5.669999999999998
4,399.0,5.530999999999998
4,400.0,5.670000000000015
4,401.0,5.669000000000005
4,402.0,5.682000000000002
4,403.0,5.468000000000004
4,404.0,5.572000000000003
4,405.0,5.679
4,406.0,5.424000000000002
4,407.0,5.658000000000003
4,408.0,5.640999999999992
4,409.0,5.571999999999996
4,410.0,5.509999999999998
4,411.0,5.675000000000011
4,412.0,5.695999999999996
4,413.0,5.423000000000004
4,414.0,5.706000000000006
4,415.0,5.579000000000002
4,416.0,5.475999999999998
4,417.0,5.421999999999995
4,418.0,5.484000000000001
4,419.0,5.284999999999992
4,420.0,5.579999999999997
4,421.0,5.525999999999998
4,422.0,5.555999999999995
4,423.0,5.4079999999999915
4,424.0,5.648000000000005
4,425.0,5.647000000000001
4,426.0,5.514000000000001
4,427.0,5.533999999999996
4,428.0,5.347999999999998
4,429.0,5.4020000000000135
4,430.0,5.329999999999997
4,431.0,5.261000000000008
4,432.0,5.523999999999996
4,433.0,5.442999999999998
4,434.0,5.597999999999997
4,435.0,5.573000000000003
4,436.0,5.626000000000009
4,437.0,5.617999999999996
4,438.0,5.481000000000002
4,439.0,5.444999999999994
4,440.0,5.685000000000003
4,441.0,5.488000000000005
4,442.0,5.469999999999994
4,443.0,5.420999999999994
4,444.0,5.423000000000001
4,445.0,5.462000000000001
4,446.0,5.560999999999996
4,447.0,5.497999999999999
4,448.0,5.4719999999999995
4,449.0,5.586999999999998
4,450.0,5.595999999999999
4,451.0,5.471999999999996
4,452.0,5.631999999999999
4,453.0,5.386999999999998
4,454.0,5.575999999999998
4,455.0,5.217999999999994
4,456.0,5.397000000000003
4,457.0,5.356999999999996
4,458.0,5.143000000000003
4,459.0,5.388999999999991
4,460.0,5.409000000000006
4,461.0,5.483000000000003
4,462.0,5.260999999999999
4,463.0,5.238999999999998
4,464.0,5.373999999999995
4,465.0,5.306000000000002
4,466.0,5.368000000000003
4,467.0,5.2550000000000034
4,468.0,5.319000000000007
4,469.0,5.303000000000003
4,470.0,5.251999999999995
4,471.0,5.226000000000011
4,472.0,5.337000000000004
4,473.0,5.252000000000002
4,474.0,5.2349999999999985
4,475.0,5.376
4,476.0,5.278000000000003
4,477.0,5.368000000000005
4,478.0,5.205999999999992
4,479.0,5.227000000000008
4,480.0,5.184000000000003
4,481.0,5.270999999999995
4,482.0,5.318999999999999
4,483.0,5.283000000000001
4,484.0,5.295999999999997
4,485.0,5.432000000000005
4,486.0,5.223999999999997
4,487.0,5.36800000000001
4,488.0,5.240000000000001
4,489.0,5.219999999999998
4,490.0,5.246000000000004
4,491.0,5.456999999999996
4,492.0,5.297999999999996
4,493.0,5.388000000000002
4,494.0,5.252
4,495.0,5.218999999999997
4,496.0,5.410999999999998
4,497.0,5.265000000000006
4,498.0,5.305000000000003
4,499.0,5.325000000000001
4,500.0,5.380999999999999
5,1.0,0.0
5,2.0,0.0
5,3.0,0.0
5,4.0,0.0
5,5.0,0.0
5,6.0,0.135
5,7.0,0.07099999999999991
5,8.0,0.10099999999999996
5,9.0,0.26099999999999984
5,10.0,0.5849999999999999
5,11.0,0.915
5,12.0,1.2870000000000008
5,13.0,1.5329999999999977
5,14.0,1.9070000000000011
5,15.0,2.0129999999999995
5,16.0,2.3460000000000014
5,17.0,2.5260000000000056
5,18.0,2.613999999999998
5,19.0,3.0749999999999966
5,20.0,3.0780000000000025
5,21.0,3.4689999999999985
5,22.0,3.750999999999998
5,23.0,3.678000000000004
5,24.0,4.0140000000000065
5,25.0,3.901999999999996
5,26.0,3.9899999999999975
5,27.0,4.333000000000006
5,28.0,4.463999999999999
5,29.0,4.395000000000006
5,30.0,4.531000000000004
5,31.0,4.6310000000000064
5,32.0,4.73199999999999
5,33.0,4.795000000000002
5,34.0,5.01000000000001
5,35.0,4.970999999999999
5,36.0,5.013000000000003
5,37.0,5.152999999999999
5,38.0,4.918999999999997
5,39.0,4.951000000000005
5,40.0,4.792999999999991
5,41.0,5.116999999999999
5,42.0,5.02
5,43.0,5.174999999999996
5,44.0,5.016999999999999
5,45.0,4.808999999999994
5,46.0,5.0169999999999995
5,47.0,4.8350000000000035
5,48.0,4.85899999999999
5,49.0,4.985999999999999
5,50.0,5.060000000000005
5,51.0,5.794999999999998
5,52.0,5.7520000000000024
5,53.0,5.497999999999998
5,54.0,5.404000000000002
5,55.0,5.511000000000002
5,56.0,5.557999999999995
5,57.0,5.539999999999993
5,58.0,5.419000000000002
5,59.0,5.564999999999998
5,60.0,5.179000000000004
5,61.0,5.3180000000000005
5,62.0,5.2400000000000055
5,63.0,5.369999999999998
5,64.0,5.307000000000003
5,65.0,5.478000000000005
5,66.0,5.491999999999997
5,67.0,5.232
5,68.0,5.245000000000001
5,69.0,5.204999999999993
5,70.0,5.226999999999996
5,71.0,5.330999999999997
5,72.0,5.243000000000003
5,73.0,5.352000000000001
5,74.0,5.120999999999997
5,75.0,5.236000000000008
5,76.0,5.071999999999998
5,77.0,5.020999999999998
5,78.0,5.310999999999996
5,79.0,5.238000000000007
5,80.0,4.9680000000000035
5,81.0,5.243999999999993
5,82.0,5.081
5,83.0,5.096999999999991
5,84.0,5.178999999999995
5,85.0,5.202999999999997
5,86.0,4.97499999999999
5,87.0,4.942
5,88.0,4.824999999999999
5,89.0,5.018999999999995
5,90.0,4.893000000000001
5,91.0,5.1290000000000004
5,92.0,5.032000000000005
5,93.0,4.874999999999997
5,94.0,5.241000000000006
5,95.0,4.996000000000002
5,96.0,5.100999999999997
5,97.0,5.038999999999997
5,98.0,4.914000000000003
5,99.0,4.806999999999999
5,100.0,4.833000000000007
5,101.0,5.831000000000001
5,102.0,5.732000000000002
5,103.0,5.365000000000005
5,104.0,5.345000000000009
5,105.0,5.612000000000007
5,106.0,5.510000000000001
5,107.0,5.327000000000001
5,108.0,5.469
5,109.0,5.398000000000002
5,110.0,5.405000000000003
5,111.0,5.266000000000002
5,112.0,5.135999999999997
5,113.0,5.258999999999996
5,114.0,5.065000000000003
5,115.0,4.885999999999994
5,116.0,4.924999999999996
5,117.0,4.83799999999999
5,118.0,4.949999999999999
5,119.0,4.810999999999997
5,120.0,5.036999999999994
5,121.0,5.0480000000000045
5,122.0,4.898000000000003
5,123.0,4.864000000000002
5,124.0,5.000999999999988
5,125.0,5.027999999999996
5,126.0,4.946000000000003
5,127.0,4.971999999999996
5,128.0,4.971000000000001
5,129.0,4.699999999999999
5,130.0,4.853999999999998
5,131.0,4.992000000000001
5,132.0,4.802
5,133.0,4.825999999999999
5,134.0,4.996999999999998
5,135.0,4.925000000000001
5,136.0,4.994000000000007
5,137.0,4.928999999999995
5,138.0,5.0
5,139.0,4.967999999999994
5,140.0,5.017000000000007
5,141.0,4.895000000000002
5,142.0,5.000999999999998
5,143.0,5.052000000000001
5,144.0,5.054999999999998
5,145.0,5.156999999999994
5,146.0,5.0549999999999935
5,147.0,5.1669999999999945
5,148.0,5.268999999999991
5,149.0,5.196000000000001
5,150.0,5.080999999999995
5,151.0,5.953000000000006
5,152.0,5.684000000000005
5,153.0,5.445999999999997
5,154.0,5.3529999999999935
5,155.0,5.529000000000012
5,156.0,5.410000000000007
5,157.0,5.391000000000001
5,158.0,5.377999999999997
5,159.0,5.076999999999997
5,160.0,5.132999999999998
5,161.0,4.978999999999998
5,162.0,4.966999999999994
5,163.0,5.148999999999997
5,164.0,5.004
5,165.0,5.028000000000005
5,166.0,4.9969999999999954
5,167.0,5.149000000000006
5,168.0,5.117999999999995
5,169.0,5.047
5,170.0,4.865999999999991
5,171.0,5.101
5,172.0,5.095999999999998
5,173.0,4.973999999999995
5,174.0,5.084999999999997
5,175.0,4.959
5,176.0,4.890999999999999
5,177.0,5.005999999999999
5,178.0,5.0559999999999885
5,179.0,5.193000000000007
5,180.0,5.000999999999991
5,181.0,4.885999999999992
5,182.0,5.113999999999999
5,183.0,5.181
5,184.0,4.993999999999991
5,185.0,5.092000000000001
5,186.0,4.920000000000002
5,187.0,5.072000000000011
5,188.0,5.089000000000001
5,189.0,5.190999999999996
5,190.0,5.073000000000002
5,191.0,5.081000000000001
5,192.0,5.112999999999995
5,193.0,5.137999999999996
5,194.0,5.2189999999999985
5,195.0,5.137999999999996
5,196.0,5.217999999999997
5,197.0,5.275
5,198.0,5.084
5,199.0,5.270999999999996
5,200.0,5.1640000000000015
5,201.0,6.077000000000008
5,202.0,5.665
5,203.0,5.609000000000004
5,204.0,5.345000000000003
5,205.0,5.8049999999999935
5,206.0,5.514999999999992
5,207.0,5.464000000000013
5,208.0,5.463000000000005
5,209.0,5.492000000000002
5,210.0,5.141000000000002
5,211.0,5.301000000000008
5,212.0,5.395999999999999
5,213.0,5.183999999999997
5,214.0,5.156999999999998
5,215.0,5.175
5,216.0,5.129000000000004
5,217.0,5.028999999999998
5,218.0,5.016000000000001
5,219.0,5.043000000000007
5,220.0,4.904000000000009
5,221.0,5.047000000000006
5,222.0,4.934000000000002
5,223.0,4.7499999999999964
5,224.0,4.811000000000006
5,225.0,4.741999999999999
5,226.0,4.853000000000005
5,227.0,4.582999999999996
5,228.0,4.7910000000000075
5,229.0,4.731999999999999
5,230.0,4.931000000000004
5,231.0,4.701000000000003
5,232.0,4.817000000000008
5,233.0,4.7370000000000045
5,234.0,4.888999999999999
5,235.0,4.889000000000007
5,236.0,4.861000000000009
5,237.0,4.763000000000004
5,238.0,4.896000000000002
5,239.0,4.755
5,240.0,4.8970000000000065
5,241.0,4.849000000000003
5,242.0,4.816999999999995
5,243.0,4.795999999999998
5,244.0,4.976999999999999
5,245.0,4.887999999999997
5,246.0,4.933999999999999
5,247.0,4.889
5,248.0,4.8999999999999915
5,249.0,5.005999999999995
5,250.0,4.8839999999999995
5,251.0,5.759000000000005
5,252.0,5.254999999999998
5,253.0,5.338000000000012
5,254.0,5.174999999999995
5,255.0,5.533000000000005
5,256.0,5.510999999999994
5,257.0,5.464999999999996
5,258.0,5.6099999999999985
5,259.0,5.5800000000000045
5,260.0,5.408
5,261.0,5.594999999999997
5,262.0,5.2079999999999975
5,263.0,5.365000000000001
5,264.0,5.285999999999999
5,265.0,5.197999999999998
5,266.0,5.285000000000001
5,267.0,5.173999999999996
5,268.0,5.089999999999996
5,269.0,4.997999999999997
5,270.0,5.054999999999996
5,271.0,4.87799999999999
5,272.0,4.899999999999994
5,273.0,4.996000000000015
5,274.0,4.838999999999999
5,275.0,4.878000000000001
5,276.0,4.724999999999996
5,277.0,4.8500000000000005
5,278.0,4.654999999999998
5,279.0,4.649999999999999
5,280.0,4.822000000000005
5,281.0,4.792000000000003
5,282.0,4.734999999999997
5,283.0,4.915000000000002
5,284.0,4.725999999999995
5,285.0,4.598999999999989
5,286.0,4.803000000000002
5,287.0,4.795000000000005
5,288.0,4.865000000000009
5,289.0,4.865000000000006
5,290.0,5.134000000000005
5,291.0,4.966999999999993
5,292.0,5.0939999999999985
5,293.0,4.953999999999996
5,294.0,4.854999999999994
5,295.0,4.893999999999993
5,296.0,5.157999999999985
5,297.0,4.967999999999996
5,298.0,5.057000000000002
5,299.0,4.939000000000002
5,300.0,5.068000000000002
5,301.0,6.094999999999998
5,302.0,5.516999999999998
5,303.0,5.5029999999999974
5,304.0,5.375
5,305.0,5.531999999999996
5,306.0,5.478999999999998
5,307.0,5.2970000000000015
5,308.0,5.342999999999992
5,309.0,5.426000000000006
5,310.0,5.358000000000004
5,311.0,5.321999999999998
5,312.0,5.237000000000009
5,313.0,5.312000000000001
5,314.0,5.396999999999997
5,315.0,5.365000000000001
5,316.0,5.2880000000000065
5,317.0,5.2550000000000034
5,318.0,5.190000000000003
5,319.0,5.407999999999992
5,320.0,5.286000000000003
5,321.0,5.165999999999994
5,322.0,5.1640000000000015
5,323.0,5.2479999999999905
5,324.0,5.147999999999988
5,325.0,5.090000000000002
5,326.0,5.038
5,327.0,4.789999999999998
5,328.0,4.855999999999997
5,329.0,4.764
5,330.0,4.7349999999999985
5,331.0,4.829999999999993
5,332.0,4.873999999999998
5,333.0,4.802999999999999
5,334.0,4.71400000000001
5,335.0,4.949999999999998
5,336.0,5.008000000000001
5,337.0,4.771000000000008
5,338.0,4.805
5,339.0,4.878999999999997
5,340.0,4.82
5,341.0,4.851999999999994
5,342.0,4.940999999999992
5,343.0,4.914999999999995
5,344.0,4.92
5,345.0,5.072999999999998
5,346.0,5.02999999999999
5,347.0,5.194
5,348.0,5.147
5,349.0,5.191000000000003
5,350.0,5.268999999999992
5,351.0,5.928000000000005
5,352.0,5.573999999999989
5,353.0,5.560000000000002
5,354.0,5.299000000000005
5,355.0,5.535999999999995
5,356.0,5.4239999999999995
5,357.0,5.544000000000005
5,358.0,5.484000000000006
5,359.0,5.242999999999998
5,360.0,5.401999999999991
5,361.0,5.413999999999998
5,362.0,5.155999999999997
5,363.0,5.236000000000001
5,364.0,5.056000000000007
5,365.0,4.969000000000002
5,366.0,4.8470000000000075
5,367.0,4.834000000000002
5,368.0,4.790999999999998
5,369.0,4.912999999999996
5,370.0,4.814000000000002
5,371.0,4.803000000000002
5,372.0,4.923000000000007
5,373.0,4.8830000000000044
5,374.0,4.833000000000007
5,375.0,4.819999999999998
5,376.0,4.942000000000002
5,377.0,4.848999999999998
5,378.0,4.885000000000002
5,379.0,4.809000000000001
5,380.0,4.880000000000003
5,381.0,4.853999999999999
5,382.0,4.784999999999995
5,383.0,4.743999999999998
5,384.0,4.662999999999998
5,385.0,4.849999999999997
5,386.0,4.658
5,387.0,4.738000000000004
5,388.0,4.769
5,389.0,4.771999999999999
5,390.0,4.832999999999993
5,391.0,4.615
5,392.0,4.561000000000006
5,393.0,4.754000000000009
5,394.0,4.679999999999997
5,395.0,4.668000000000003
5,396.0,4.702999999999999
5,397.0,4.875999999999997
5,398.0,4.690000000000002
5,399.0,4.749000000000005
5,400.0,4.988999999999997
5,401.0,5.756999999999995
5,402.0,5.565000000000002
5,403.0,5.452999999999997
5,404.0,5.240000000000009
5,405.0,5.518000000000008
5,406.0,5.372000000000006
5,407.0,5.427
5,408.0,5.302999999999996
5,409.0,5.479000000000001
5,410.0,5.198000000000003
5,411.0,5.149999999999995
5,412.0,5.256000000000003
5,413.0,5.116
5,414.0,4.934999999999997
5,415.0,5.011
5,416.0,5.241999999999996
5,417.0,5.019999999999996
5,418.0,5.053999999999997
5,419.0,5.0700000000000065
5,420.0,4.960999999999997
5,421.0,4.843000000000007
5,422.0,4.881000000000005
5,423.0,4.912000000000005
5,424.0,4.704000000000003
5,425.0,4.644000000000002
5,426.0,4.759000000000009
5,427.0,4.956000000000008
5,428.0,4.991000000000014
5,429.0,4.881000000000001
5,430.0,4.973999999999997
5,431.0,5.042000000000005
5,432.0,4.895000000000002
5,433.0,4.804000000000002
5,434.0,4.741999999999995
5,435.0,4.804000000000006
5,436.0,4.642000000000001
5,437.0,4.680999999999997
5,438.0,4.634000000000003
5,439.0,4.850999999999992
5,440.0,4.772000000000003
5,441.0,4.779000000000001
5,442.0,4.792999999999998
5,443.0,4.7039999999999935
5,444.0,4.612999999999997
5,445.0,4.553999999999999
5,446.0,4.689999999999998
5,447.0,4.696000000000003
5,448.0,4.713999999999996
5,449.0,4.731000000000004
5,450.0,4.988999999999997
5,451.0,5.581999999999999
5,452.0,5.406000000000008
5,453.0,5.423999999999995
5,454.0,5.349000000000002
5,455.0,5.334000000000005
5,456.0,5.514999999999996
5,457.0,5.5360000000000005
5,458.0,5.3220000000000045
5,459.0,5.428999999999999
5,460.0,5.319000000000007
5,461.0,5.343999999999997
5,462.0,5.225000000000005
5,463.0,5.243999999999991
5,464.0,4.980999999999997
5,465.0,4.998000000000002
5,466.0,5.184999999999998
5,467.0,4.93699999999999
5,468.0,5.165000000000003
5,469.0,5.074999999999995
5,470.0,5.109000000000003
5,471.0,5.077000000000001
5,472.0,5.003999999999997
5,473.0,4.958000000000005
5,474.0,5.292999999999996
5,475.0,5.047000000000004
5,476.0,5.087999999999998
5,477.0,4.9200000000000035
5,478.0,5.058000000000001
5,479.0,4.801999999999994
5,480.0,5.044
5,481.0,4.864999999999997
5,482.0,4.852000000000001
5,483.0,4.683000000000003
5,484.0,4.849000000000003
5,485.0,4.661999999999994
5,486.0,4.703000000000003
5,487.0,4.9819999999999975
5,488.0,4.925999999999999
5,489.0,4.669
5,490.0,4.684999999999997
5,491.0,4.604999999999996
5,492.0,4.604000000000005
5,493.0,4.693999999999998
5,494.0,4.3960000000000035
5,495.0,4.477999999999997
5,496.0,4.557000000000002
5,497.0,4.959
5,498.0,4.998999999999998
5,499.0,4.810999999999988
5,500.0,4.946999999999991
